0	0	msmarco_doc_07_764295	1
1	0	msmarco_doc_35_811948912	1
2	0	msmarco_doc_52_108628459	1
3	0	msmarco_doc_04_742879666	1
4	0	msmarco_doc_45_846669515	1
5	0	msmarco_doc_09_235551137	1
6	0	msmarco_doc_33_1373381386	1
7	0	msmarco_doc_36_864003480	1
8	0	msmarco_doc_09_1167466848	1
9	0	msmarco_doc_48_1635831173	1
10	0	msmarco_doc_51_916846845	1
11	0	msmarco_doc_56_263614978	1
12	0	msmarco_doc_06_1999379191	1
13	0	msmarco_doc_55_1369588678	1
14	0	msmarco_doc_44_828758145	1
15	0	msmarco_doc_30_1599744810	1
16	0	msmarco_doc_54_1554110619	1
17	0	msmarco_doc_14_1180558249	1
18	0	msmarco_doc_03_1142663088	1
19	0	msmarco_doc_32_715645322	1
20	0	msmarco_doc_58_832925036	1
21	0	msmarco_doc_13_248265746	1
22	0	msmarco_doc_42_346911886	1
23	0	msmarco_doc_49_605730830	1
24	0	msmarco_doc_10_1621599138	1
25	0	msmarco_doc_06_1858123677	1
26	0	msmarco_doc_04_1014815660	1
27	0	msmarco_doc_03_1380586221	1
28	0	msmarco_doc_49_562992263	1
29	0	msmarco_doc_58_832092872	1
30	0	msmarco_doc_44_1951122313	1
31	0	msmarco_doc_06_692258730	1
32	0	msmarco_doc_39_1195025968	1
33	0	msmarco_doc_56_445875343	1
34	0	msmarco_doc_02_1192213335	1
35	0	msmarco_doc_02_1058674307	1
36	0	msmarco_doc_13_432447194	1
37	0	msmarco_doc_41_1984610726	1
38	0	msmarco_doc_04_1093069871	1
39	0	msmarco_doc_04_365206803	1
40	0	msmarco_doc_35_830211529	1
41	0	msmarco_doc_46_853125264	1
42	0	msmarco_doc_09_594071354	1
43	0	msmarco_doc_46_12054834	1
44	0	msmarco_doc_06_80813794	1
45	0	msmarco_doc_49_1351098588	1
46	0	msmarco_doc_04_777846535	1
47	0	msmarco_doc_03_431905822	1
48	0	msmarco_doc_55_1161606854	1
49	0	msmarco_doc_09_806538787	1
50	0	msmarco_doc_22_958719700	1
51	0	msmarco_doc_38_815253831	1
52	0	msmarco_doc_33_1624682264	1
53	0	msmarco_doc_03_1244052737	1
54	0	msmarco_doc_59_40975022	1
55	0	msmarco_doc_51_81783373	1
56	0	msmarco_doc_33_419558719	1
57	0	msmarco_doc_58_1064173547	1
58	0	msmarco_doc_48_497300397	1
59	0	msmarco_doc_10_1584301162	1
60	0	msmarco_doc_46_1324948594	1
61	0	msmarco_doc_57_1409250507	1
62	0	msmarco_doc_28_1709107159	1
63	0	msmarco_doc_09_1739104621	1
64	0	msmarco_doc_36_179633037	1
65	0	msmarco_doc_57_622242125	1
66	0	msmarco_doc_48_1579966801	1
67	0	msmarco_doc_51_346483512	1
68	0	msmarco_doc_06_104961845	1
69	0	msmarco_doc_06_655573486	1
70	0	msmarco_doc_36_1761901999	1
71	0	msmarco_doc_45_1546297680	1
72	0	msmarco_doc_30_1817535515	1
73	0	msmarco_doc_24_1003707127	1
74	0	msmarco_doc_56_1491233299	1
75	0	msmarco_doc_40_1140742872	1
76	0	msmarco_doc_06_1963763736	1
77	0	msmarco_doc_01_1144127864	1
78	0	msmarco_doc_59_454059040	1
79	0	msmarco_doc_02_1198193325	1
80	0	msmarco_doc_00_1248394628	1
81	0	msmarco_doc_01_1819250237	1
82	0	msmarco_doc_00_64613307	1
83	0	msmarco_doc_33_230625867	1
84	0	msmarco_doc_44_272313089	1
85	0	msmarco_doc_02_469992349	1
86	0	msmarco_doc_32_255049668	1
87	0	msmarco_doc_02_1819651285	1
88	0	msmarco_doc_08_135438456	1
89	0	msmarco_doc_48_851669750	1
90	0	msmarco_doc_03_590776921	1
91	0	msmarco_doc_59_618019129	1
92	0	msmarco_doc_10_774872723	1
93	0	msmarco_doc_15_469883190	1
94	0	msmarco_doc_10_629716769	1
95	0	msmarco_doc_25_1239530566	1
96	0	msmarco_doc_14_116748207	1
97	0	msmarco_doc_28_72406818	1
98	0	msmarco_doc_26_770047623	1

