0	0	msmarco_doc_00_263734972	1
1	0	msmarco_doc_32_106308304	1
2	0	msmarco_doc_10_352608100	1
3	0	msmarco_doc_07_863277151	1
4	0	msmarco_doc_09_1074669536	1
5	0	msmarco_doc_07_662250206	1
6	0	msmarco_doc_01_1893311179	1
7	0	msmarco_doc_04_969698203	1
8	0	msmarco_doc_39_216448320	1
9	0	msmarco_doc_02_1702332196	1
10	0	msmarco_doc_13_541151287	1
11	0	msmarco_doc_48_1814989351	1
12	0	msmarco_doc_01_881215942	1
13	0	msmarco_doc_54_443689384	1
14	0	msmarco_doc_10_59141372	1
15	0	msmarco_doc_05_266119225	1
16	0	msmarco_doc_03_1379974410	1
17	0	msmarco_doc_02_634738856	1
18	0	msmarco_doc_10_181953455	1
19	0	msmarco_doc_05_1553086691	1
20	0	msmarco_doc_03_340814695	1
21	0	msmarco_doc_05_646068101	1
22	0	msmarco_doc_00_1332128044	1
23	0	msmarco_doc_03_1307923959	1
24	0	msmarco_doc_07_523723257	1
25	0	msmarco_doc_08_1312341155	1
26	0	msmarco_doc_51_1454755191	1
27	0	msmarco_doc_04_1259813771	1
28	0	msmarco_doc_56_1501755050	1
29	0	msmarco_doc_00_370684820	1
30	0	msmarco_doc_05_1760035781	1
31	0	msmarco_doc_12_941094610	1
32	0	msmarco_doc_06_1350111572	1
33	0	msmarco_doc_03_1379812886	1
34	0	msmarco_doc_05_259875375	1
35	0	msmarco_doc_56_1477524581	1
36	0	msmarco_doc_03_1322372259	1
37	0	msmarco_doc_41_1813011310	1
38	0	msmarco_doc_00_85826582	1
39	0	msmarco_doc_06_396778814	1
40	0	msmarco_doc_07_245179048	1
41	0	msmarco_doc_01_921041484	1
42	0	msmarco_doc_05_1683981043	1
43	0	msmarco_doc_02_917556698	1
44	0	msmarco_doc_02_516049021	1
45	0	msmarco_doc_03_1213325470	1
46	0	msmarco_doc_32_1740933195	1
47	0	msmarco_doc_05_258588939	1
48	0	msmarco_doc_05_587262553	1
49	0	msmarco_doc_10_218043955	1
50	0	msmarco_doc_06_807115029	1
51	0	msmarco_doc_03_1065876463	1
52	0	msmarco_doc_06_1780602804	1
53	0	msmarco_doc_01_1778034800	1
54	0	msmarco_doc_08_967207333	1
55	0	msmarco_doc_56_479557092	1
56	0	msmarco_doc_00_597294243	1
57	0	msmarco_doc_07_623654792	1
58	0	msmarco_doc_03_643764835	1
59	0	msmarco_doc_02_1544668054	1
60	0	msmarco_doc_10_566016082	1
61	0	msmarco_doc_08_743037664	1
62	0	msmarco_doc_01_1404970390	1
63	0	msmarco_doc_08_157269587	1
64	0	msmarco_doc_02_345295988	1
65	0	msmarco_doc_04_1128986800	1
66	0	msmarco_doc_07_1375930912	1
67	0	msmarco_doc_03_386531115	1
68	0	msmarco_doc_09_1219428561	1
69	0	msmarco_doc_03_1373186265	1
70	0	msmarco_doc_06_1565238865	1
71	0	msmarco_doc_10_789629067	1
72	0	msmarco_doc_00_367157019	1
73	0	msmarco_doc_50_90010157	1
74	0	msmarco_doc_25_401822868	1
75	0	msmarco_doc_07_264875387	1
76	0	msmarco_doc_02_856547349	1
77	0	msmarco_doc_05_256976492	1
78	0	msmarco_doc_09_1141073209	1
79	0	msmarco_doc_01_806035203	1
80	0	msmarco_doc_05_843822742	1
81	0	msmarco_doc_06_1375197446	1
82	0	msmarco_doc_32_1795439968	1
83	0	msmarco_doc_47_271930591	1
84	0	msmarco_doc_02_1713501480	1
85	0	msmarco_doc_34_1061371583	1
86	0	msmarco_doc_49_1617806463	1
87	0	msmarco_doc_09_24262032	1
88	0	msmarco_doc_05_864404852	1
89	0	msmarco_doc_05_258568092	1
90	0	msmarco_doc_21_1305610534	1
91	0	msmarco_doc_09_209548739	1
92	0	msmarco_doc_05_656707715	1
93	0	msmarco_doc_07_891432848	1
94	0	msmarco_doc_08_176566409	1
95	0	msmarco_doc_03_123168850	1
96	0	msmarco_doc_24_362289554	1
97	0	msmarco_doc_03_619733981	1
98	0	msmarco_doc_09_1155758860	1

