0	0	D1007689	1
1	0	D1113635	1
2	0	D2078771	1
3	0	D2886826	1
4	0	D927059	1
5	0	D561637	1
6	0	D3330085	1
7	0	D2517066	1
8	0	D134254	1
9	0	D1382437	1
10	0	D829875	1
11	0	D1344742	1
12	0	D3157063	1
13	0	D3182794	1
14	0	D2320297	1
15	0	D983998	1
16	0	D1332728	1
17	0	D1731857	1
18	0	D2562869	1
19	0	D5997	1
20	0	D3462656	1
21	0	D1205750	1
22	0	D1029093	1
23	0	D1771299	1
24	0	D381347	1
25	0	D1436413	1
26	0	D3542399	1
27	0	D627470	1
28	0	D3078046	1
29	0	D980278	1
30	0	D3214410	1
31	0	D372293	1
32	0	D927784	1
33	0	D1113538	1
34	0	D2940765	1
35	0	D1524479	1
36	0	D3347370	1
37	0	D2604530	1
38	0	D263198	1
39	0	D34403	1
40	0	D505048	1
41	0	D1357670	1
42	0	D595859	1
43	0	D1246003	1
44	0	D467747	1
45	0	D3330797	1
46	0	D49645	1
47	0	D1879102	1
48	0	D2985817	1
49	0	D1988072	1
50	0	D2363792	1
51	0	D2078866	1
52	0	D2514271	1
53	0	D2134987	1
54	0	D306650	1
55	0	D1602584	1
56	0	D570636	1
57	0	D185048	1
58	0	D3418956	1
59	0	D1639898	1
60	0	D115604	1
61	0	D1984147	1
62	0	D457947	1
63	0	D2359347	1
64	0	D480359	1
65	0	D3508430	1
66	0	D622749	1
67	0	D642458	1
68	0	D1275593	1
69	0	D2529496	1
70	0	D2872214	1
71	0	D2433164	1
72	0	D2782680	1
73	0	D3551411	1
74	0	D93796	1
75	0	D68942	1
76	0	D714966	1
77	0	D417734	1
78	0	D2831100	1
79	0	D191543	1
80	0	D439094	1
81	0	D2249127	1
82	0	D2066965	1
83	0	D1160400	1
84	0	D2091412	1
85	0	D3330958	1
86	0	D3179467	1
87	0	D1492750	1
88	0	D245436	1
89	0	D2542720	1
90	0	D2619384	1
91	0	D1354335	1
92	0	D2453299	1
93	0	D1393449	1
94	0	D2737502	1
95	0	D2754116	1
96	0	D3158488	1
97	0	D2883249	1
98	0	D141316	1
