0	0	D3345031	1
1	0	D1074718	1
2	0	D2576615	1
3	0	D260453	1
4	0	D1594394	1
5	0	D2034735	1
6	0	D14339	1
7	0	D1921023	1
8	0	D3222507	1
9	0	D1594671	1
10	0	D1769961	1
11	0	D1753124	1
12	0	D131518	1
13	0	D362986	1
14	0	D1987416	1
15	0	D162649	1
16	0	D2503096	1
17	0	D137596	1
18	0	D3346105	1
19	0	D261272	1
20	0	D2103945	1
21	0	D2621388	1
22	0	D3300186	1
23	0	D116075	1
24	0	D1446027	1
25	0	D338159	1
26	0	D1614281	1
27	0	D3048886	1
28	0	D172497	1
29	0	D2490566	1
30	0	D347873	1
31	0	D2416508	1
32	0	D1352340	1
33	0	D749239	1
34	0	D754260	1
35	0	D3197364	1
36	0	D1533525	1
37	0	D477341	1
38	0	D955937	1
39	0	D177405	1
40	0	D1841005	1
41	0	D1044199	1
42	0	D547229	1
43	0	D106237	1
44	0	D289769	1
45	0	D533815	1
46	0	D2763953	1
47	0	D483924	1
48	0	D1085417	1
49	0	D1684072	1
50	0	D2989127	1
51	0	D1416872	1
52	0	D3145708	1
53	0	D447554	1
54	0	D2246338	1
55	0	D1665743	1
56	0	D266879	1
57	0	D1256558	1
58	0	D172419	1
59	0	D1854661	1
60	0	D984139	1
61	0	D13913	1
62	0	D183463	1
63	0	D112947	1
64	0	D2263334	1
65	0	D455951	1
66	0	D2148094	1
67	0	D147679	1
68	0	D1151113	1
69	0	D1409152	1
70	0	D13350	1
71	0	D880427	1
72	0	D394062	1
73	0	D3045964	1
74	0	D600208	1
75	0	D168519	1
76	0	D561789	1
77	0	D220774	1
78	0	D349551	1
79	0	D2089705	1
80	0	D29898	1
81	0	D2697999	1
82	0	D1719678	1
83	0	D3494049	1
84	0	D3480216	1
85	0	D815750	1
86	0	D63301	1
87	0	D1473095	1
88	0	D2981626	1
89	0	D712308	1
90	0	D1886365	1
91	0	D1661256	1
92	0	D456206	1
93	0	D476515	1
94	0	D143456	1
95	0	D1404606	1
96	0	D2672661	1
97	0	D3381241	1
98	0	D3231043	1
